0.0
9.1
28.1
25.0
29.4
25.0
25.8
27.3
25.0
25.8
22.6
27.3
25.0
27.3
23.3
27.3
27.3
28.1
22.6
28.1
27.3
25.8
25.0
25.8
29.4
25.0
25.0
28.1
27.3
22.6
27.3
25.0
25.8
25.0
27.3
25.0
23.3
29.4
22.6
25.0
28.1
22.6
27.3
25.8
25.0
25.0
25.0
27.3
25.8
27.3
27.3
23.3
27.3
22.6
30.3
27.3
27.3
22.6
28.1
27.3
25.0
25.0
28.1
25.0
25.8
27.3
29.4
22.6
27.3
28.1
25.0
22.6
28.1
27.3
27.3
25.0
28.1
27.3
25.0
28.1
25.0
25.0
25.0
25.8
27.3
25.0
27.3
28.1
27.3
25.0
25.8
25.0
27.3
25.8
25.0
27.3
29.0
25.0
27.3
25.0
27.3
25.8
22.6
27.3
22.6
28.1
25.0
25.0
25.0
28.1
27.3
22.6
25.8
27.3
22.6
27.3
28.1
25.0
25.8
22.6
27.3
27.3
25.8
22.6
29.4
25.0
28.1
27.3
25.0
25.8
25.0
25.0
25.0
28.1
25.0
25.0
27.3
25.8
25.0
25.0
29.4
25.8
27.3
22.6
25.8
27.3
25.0
25.0
25.8
25.0
25.0
29.4
25.8
25.0
25.0
22.6
28.1
25.0
27.3
25.0
23.3
29.4
27.3
22.6
25.8
27.3
25.0
27.3
25.8
25.0
25.0
25.0
25.8
25.0
25.0
25.0
30.3
25.0
20.0
29.4
25.8
27.3
25.0
27.3
28.1
25.0
27.3
23.3
27.3
25.0
28.1
22.6
27.3
27.3
23.3
27.3
27.3
25.8
25.0
25.0
25.0
27.3
25.8
29.4
27.3
25.8
29.4
22.6
12.5
0.0
0.0
0.0
0.0
