25.8
25.8
27.3
25.8
27.3
28.1
29.0
27.3
28.1
25.8
27.3
25.8
29.4
25.8
27.3
28.1
28.1
27.3
28.1
28.1
25.8
25.8
25.8
27.3
28.1
28.1
27.3
33.3
22.6
28.1
25.8
31.2
25.0
28.1
27.3
30.3
25.0
28.1
25.8
27.3
28.1
27.3
23.3
30.3
25.0
28.1
27.3
28.1
25.0
25.8
30.3
25.8
27.3
28.1
25.0
30.3
27.3
23.3
31.4
23.3
27.3
25.8
30.3
25.0
25.8
27.3
25.8
25.8
27.3
25.8
25.0
25.8
27.3
28.1
25.8
25.0
33.3
25.8
27.3
25.8
27.3
23.3
25.0
27.3
31.2
28.1
25.0
30.3
22.6
30.3
27.3
28.1
25.0
28.1
25.0
25.8
30.3
25.8
27.3
25.0
28.1
25.8
25.0
25.8
29.4
25.8
25.0
28.1
25.0
29.0
25.0
