15.6
27.3
28.1
25.0
25.8
29.4
25.0
25.8
23.3
27.3
25.0
28.1
25.0
25.8
27.3
28.1
25.0
28.1
25.0
25.8
27.3
28.1
28.1
27.3
25.8
25.0
28.1
25.0
29.4
25.8
25.0
23.3
28.1
25.0
25.0
25.8
27.3
28.1
25.0
23.3
27.3
25.0
25.8
27.3
28.1
22.6
30.3
25.0
25.8
27.3
25.0
28.1
25.0
28.1
25.0
25.8
25.0
27.3
25.8
25.0
25.8
27.3
25.0
27.3
25.8
22.6
28.1
27.3
25.8
28.1
25.0
27.3
25.8
27.3
25.8
27.3
25.8
25.0
28.1
25.0
25.8
25.0
25.0
28.1
28.1
28.1
29.4
25.0
28.1
25.0
25.8
27.3
25.8
27.3
25.8
27.3
25.8
29.4
22.6
28.1
22.6
25.8
29.4
25.8
27.3
25.0
28.1
25.0
28.1
28.1
23.3
25.0
28.1
25.0
25.0
28.1
24.2
