25.0
25.0
25.0
25.0
29.4
28.1
25.0
28.1
25.0
27.3
22.6
28.1
25.0
25.8
25.0
25.0
28.1
27.3
22.6
28.1
27.3
28.1
22.6
25.8
25.0
27.3
28.1
22.6
27.3
22.6
28.1
27.3
25.8
25.0
25.0
28.1
25.0
27.3
25.8
25.0
27.3
28.1
27.3
28.1
25.0
25.0
23.3
27.3
27.3
25.8
25.0
29.4
25.8
25.0
25.0
25.8
25.0
25.0
28.1
27.3
25.0
25.8
27.3
25.0
25.8
25.0
25.8
27.3
25.0
28.1
27.3
28.1
22.6
25.8
27.3
25.0
27.3
25.8
25.0
28.1
22.6
31.4
25.8
25.0
27.3
25.8
25.0
25.0
28.1
25.8
27.3
25.8
25.0
22.6
25.0
28.1
28.1
25.0
27.3
27.3
23.3
27.3
28.1
27.3
28.1
25.0
25.8
28.1
25.0
22.6
28.1
28.1
27.3
25.0
25.8
25.8
27.3
25.8
27.3
25.0
25.8
22.6
25.0
25.8
27.3
27.3
25.0
25.8
29.4
28.1
25.0
25.0
23.3
27.3
25.0
39.4
33.3
27.3
25.0
23.3
27.3
25.0
25.8
27.3
25.0
25.8
27.3
27.3
23.3
27.3
25.8
25.0
28.1
22.6
27.3
30.3
25.0
25.0
25.8
25.0
25.0
25.8
25.0
25.0
28.1
25.0
27.3
28.1
25.0
12.1