25.0
25.0
25.0
25.0
25.0
25.0
25.0
27.3
25.0
27.3
25.8
30.3
25.0
28.1
22.6
25.8
28.1
29.4
23.3
27.3
27.3
25.8
27.3
25.8
25.0
22.6
33.3
27.3
28.1
27.3
27.3
25.8
25.0
27.3
28.1
28.1
25.0
25.0
30.3
22.6
28.1
27.3
25.0
25.8
29.4
25.0
25.8
25.0
30.3
28.1
23.3
27.3
25.0
28.1
25.0
28.1
25.0
28.1
27.3
25.0
25.8
25.0
25.0
25.8
27.3
25.8
25.0
25.8
27.3
27.3
28.1
25.0
25.0
28.1
25.0
25.8
27.3
36.4
39.4
25.0
28.1
25.0
29.4
25.8
27.3
22.6
28.1
27.3
25.8
25.0
25.0
25.8
27.3
25.8
27.3
25.0
28.1
25.0
28.1
25.0
27.3
25.8
25.0
28.1
22.6
27.3
28.1
29.4
22.6
28.1
27.3
25.8
27.3
25.0
25.8
25.0
27.3
25.8
25.0
25.8
27.3
25.0
28.1
27.3
25.0
30.3
25.0
28.1
25.0
28.1
28.1
22.6
27.3
25.8
27.3
28.1
25.0
25.0
31.2
25.0
28.1
25.8
29.4
28.1
22.6
27.3
25.8
27.3
25.0
25.8
22.6
25.0
30.3
25.0